Test performance..
Fscore 43.55 accuracy 48.85 at epoch 46
              precision    recall  f1-score   support

           0     0.5620    0.8041    0.6616    1256.0
           1     0.3280    0.2171    0.2612     281.0
           2     0.0000    0.0000    0.0000      50.0
           3     0.4286    0.0577    0.1017     208.0
           4     0.3100    0.2090    0.2496     402.0
           5     0.0000    0.0000    0.0000      68.0
           6     0.3293    0.3130    0.3210     345.0

    accuracy                         0.4885    2610.0
   macro avg     0.2797    0.2287    0.2279    2610.0
weighted avg     0.4312    0.4885    0.4355    2610.0

Confusion matrix:
[[1010.   55.    0.    9.   84.    0.   98.]
 [ 159.   61.    0.    2.   28.    0.   31.]
 [  34.    3.    0.    0.    8.    0.    5.]
 [ 142.   16.    0.   12.    8.    0.   30.]
 [ 250.   25.    0.    5.   84.    0.   38.]
 [  35.    2.    0.    0.   13.    0.   18.]
 [ 167.   24.    0.    0.   46.    0.  108.]]
