Test performance..
Fscore 45.25 accuracy 48.24 at epoch 51
              precision    recall  f1-score   support

           0     0.5836    0.7197    0.6446    1256.0
           1     0.2917    0.2740    0.2826     281.0
           2     0.0000    0.0000    0.0000      50.0
           3     0.3038    0.1154    0.1672     208.0
           4     0.3662    0.2587    0.3032     402.0
           5     0.0000    0.0000    0.0000      68.0
           6     0.3580    0.4348    0.3927     345.0

    accuracy                         0.4824    2610.0
   macro avg     0.2719    0.2575    0.2558    2610.0
weighted avg     0.4402    0.4824    0.4525    2610.0

Confusion matrix:
[[904.  92.   2.  26. 104.   0. 128.]
 [134.  77.   2.   6.  27.   0.  35.]
 [ 30.   3.   0.   2.   4.   0.  11.]
 [124.  22.   0.  24.   5.   1.  32.]
 [207.  31.   1.  16. 104.   2.  41.]
 [ 31.   2.   1.   1.  11.   0.  22.]
 [119.  37.   5.   4.  29.   1. 150.]]
