Test performance..
Fscore 57.52 accuracy 59.77 at epoch 10
              precision    recall  f1-score   support

           0     0.7223    0.8033    0.7606    1256.0
           1     0.4755    0.4840    0.4797     281.0
           2     0.0000    0.0000    0.0000      50.0
           3     0.3120    0.1875    0.2342     208.0
           4     0.5068    0.5522    0.5286     402.0
           5     0.0000    0.0000    0.0000      68.0
           6     0.4231    0.4464    0.4344     345.0

    accuracy                         0.5977    2610.0
   macro avg     0.3485    0.3533    0.3482    2610.0
weighted avg     0.5576    0.5977    0.5752    2610.0

Confusion matrix:
[[1.009e+03 6.000e+01 0.000e+00 5.100e+01 9.500e+01 0.000e+00 4.100e+01]
 [6.400e+01 1.360e+02 0.000e+00 2.000e+00 3.600e+01 0.000e+00 4.300e+01]
 [2.500e+01 3.000e+00 0.000e+00 1.000e+00 7.000e+00 0.000e+00 1.400e+01]
 [1.000e+02 1.600e+01 0.000e+00 3.900e+01 1.400e+01 0.000e+00 3.900e+01]
 [9.600e+01 2.400e+01 0.000e+00 7.000e+00 2.220e+02 0.000e+00 5.300e+01]
 [2.700e+01 1.000e+01 0.000e+00 4.000e+00 7.000e+00 0.000e+00 2.000e+01]
 [7.600e+01 3.700e+01 0.000e+00 2.100e+01 5.700e+01 0.000e+00 1.540e+02]]
