Test performance..
Fscore 57.88 accuracy 60.61 at epoch 15
              precision    recall  f1-score   support

           0     0.7132    0.8256    0.7653    1256.0
           1     0.5231    0.4021    0.4547     281.0
           2     0.0000    0.0000    0.0000      50.0
           3     0.2897    0.1490    0.1968     208.0
           4     0.5434    0.5448    0.5441     402.0
           5     0.0000    0.0000    0.0000      68.0
           6     0.4233    0.5275    0.4697     345.0

    accuracy                         0.6061    2610.0
   macro avg     0.3561    0.3499    0.3472    2610.0
weighted avg     0.5623    0.6061    0.5788    2610.0

Confusion matrix
[[1037.   40.    0.   41.   82.    0.   56.]
 [  74.  113.    0.    4.   41.    0.   49.]
 [  26.    2.    0.    2.    6.    0.   14.]
 [ 107.    9.    0.   31.   11.    0.   50.]
 [ 100.   21.    0.    8.  219.    0.   54.]
 [  29.    8.    0.    4.    2.    0.   25.]
 [  81.   23.    0.   17.   42.    0.  182.]]
