Test performance..
Fscore 57.61 accuracy 59.39 at epoch 16
              precision    recall  f1-score   support

           0     0.7291    0.7779    0.7527    1256.0
           1     0.5083    0.4342    0.4683     281.0
           2     0.0000    0.0000    0.0000      50.0
           3     0.3243    0.2308    0.2697     208.0
           4     0.5078    0.5647    0.5347     402.0
           5     0.0000    0.0000    0.0000      68.0
           6     0.4046    0.5101    0.4513     345.0

    accuracy                         0.5939    2610.0
   macro avg     0.3535    0.3597    0.3538    2610.0
weighted avg     0.5631    0.5939    0.5761    2610.0

Confusion matrix:
[[977.  50.   0.  60. 103.   0.  66.]
 [ 66. 122.   0.   6.  40.   0.  47.]
 [ 24.   3.   0.   3.   6.   0.  14.]
 [ 91.   9.   0.  48.  13.   0.  47.]
 [ 83.  21.   0.  10. 227.   0.  61.]
 [ 25.   7.   0.   6.   6.   0.  24.]
 [ 74.  28.   0.  15.  52.   0. 176.]]