Test performance..
Fscore 57.51 accuracy 60.15 at epoch 19
              precision    recall  f1-score   support

           0     0.7172    0.8217    0.7659    1256.0
           1     0.4856    0.4804    0.4830     281.0
           2     0.0000    0.0000    0.0000      50.0
           3     0.2683    0.1587    0.1994     208.0
           4     0.4978    0.5721    0.5324     402.0
           5     0.0000    0.0000    0.0000      68.0
           6     0.4545    0.4058    0.4288     345.0

    accuracy                         0.6015    2610.0
   macro avg     0.3462    0.3484    0.3442    2610.0
weighted avg     0.5555    0.6015    0.5751    2610.0

Confusion matrix:
[[1032.   44.    0.   50.   99.    0.   31.]
 [  70.  135.    0.    5.   45.    0.   26.]
 [  26.    4.    0.    2.    6.    0.   12.]
 [ 110.   12.    0.   33.   16.    0.   37.]
 [  93.   28.    0.    9.  230.    0.   42.]
 [  29.   10.    0.    3.    6.    0.   20.]
 [  79.   45.    0.   21.   60.    0.  140.]]
