Test performance..
Fscore 35.35 accuracy 44.75 at epoch 100
              precision    recall  f1-score   support

           0     0.4896    0.8455    0.6201    1256.0
           1     0.2083    0.0178    0.0328     281.0
           2     0.0000    0.0000    0.0000      50.0
           3     0.1364    0.0144    0.0261     208.0
           4     0.2416    0.1070    0.1483     402.0
           5     0.0000    0.0000    0.0000      68.0
           6     0.2723    0.1594    0.2011     345.0

    accuracy                         0.4475    2610.0
   macro avg     0.1926    0.1634    0.1469    2610.0
weighted avg     0.3421    0.4475    0.3535    2610.0

Confusion matrix:
[[1.062e+03 4.000e+00 1.000e+00 1.200e+01 8.300e+01 5.000e+00 8.900e+01]
 [2.350e+02 5.000e+00 0.000e+00 0.000e+00 1.700e+01 1.000e+00 2.300e+01]
 [4.400e+01 1.000e+00 0.000e+00 0.000e+00 3.000e+00 0.000e+00 2.000e+00]
 [1.810e+02 3.000e+00 0.000e+00 3.000e+00 1.100e+01 2.000e+00 8.000e+00]
 [3.300e+02 2.000e+00 0.000e+00 4.000e+00 4.300e+01 5.000e+00 1.800e+01]
 [5.300e+01 2.000e+00 0.000e+00 0.000e+00 6.000e+00 0.000e+00 7.000e+00]
 [2.640e+02 7.000e+00 0.000e+00 3.000e+00 1.500e+01 1.000e+00 5.500e+01]]
